30 <- 70 -> 100
10 <- 30 -> 50
. <- 10 -> 20
. <- 20 -> .
40 <- 50 -> 60
. <- 40 -> .
. <- 60 -> .
80 <- 100 -> 120
. <- 80 -> 90
. <- 90 -> .
110 <- 120 -> 130
. <- 110 -> .
. <- 130 -> .

30 <- 70 -> 100
10 <- 30 -> 50
. <- 10 -> 20
. <- 20 -> .
40 <- 50 -> 60
. <- 40 -> .
. <- 60 -> .
80 <- 100 -> 120
71 <- 80 -> 90
. <- 71 -> .
. <- 90 -> .
110 <- 120 -> 130
. <- 110 -> .
. <- 130 -> .

30 <- 70 -> 100
10 <- 30 -> 50
. <- 10 -> 20
. <- 20 -> .
40 <- 50 -> 60
. <- 40 -> .
. <- 60 -> .
80 <- 100 -> 110
71 <- 80 -> 90
. <- 71 -> .
. <- 90 -> .
. <- 110 -> 130
. <- 130 -> .
