6 <- 11 -> 19
4 <- 6 -> 8
. <- 4 -> 5
. <- 5 -> .
. <- 8 -> 10
. <- 10 -> .
17 <- 19 -> 43
. <- 17 -> .
31 <- 43 -> 49
. <- 31 -> .
. <- 49 -> .

6 <- 11 -> .
4 <- 6 -> .
5 <- 4 -> .
8 <- 5 -> .
10 <- 8 -> .
19 <- 10 -> .
17 <- 19 -> .
43 <- 17 -> .
31 <- 43 -> .
49 <- 31 -> .
. <- 49 -> .

. <- 11 -> 6
. <- 6 -> 4
. <- 4 -> 5
. <- 5 -> 8
. <- 8 -> 10
. <- 10 -> 19
. <- 19 -> 17
. <- 17 -> 43
. <- 43 -> 31
. <- 31 -> 49
. <- 49 -> .
