20 <- 10 -> 30
40 <- 20 -> 50
. <- 40 -> .
80 <- 50 -> 90
. <- 80 -> .
. <- 90 -> .
60 <- 30 -> 70
100 <- 60 -> .
. <- 100 -> .
110 <- 70 -> 120
. <- 110 -> .
. <- 120 -> .

Level0: 40,
Level1: 20,80,100,
Level2: 10,50,60,
Level3: 30,90,110,
Level4: 70,
Level5: 120,
