20 <- 10 -> 30
40 <- 20 -> 50
. <- 40 -> .
80 <- 50 -> 90
. <- 80 -> .
. <- 90 -> .
60 <- 30 -> 70
100 <- 60 -> 150
130 <- 100 -> 140
. <- 130 -> .
. <- 140 -> .
. <- 150 -> .
110 <- 70 -> 120
. <- 110 -> .
. <- 120 -> .

80,90,100,150,110,120,